L 294.0000, 79.0000, -25.0000,  300.0000, 82.0000, -28.0000,  0, 0, 0
L 293.0000, 78.0000, -24.0000,  294.0000, 79.0000, -25.0000,  0, 0, 0
L -49.0000, -65.0000, -17.0000,  -48.0000, -64.0000, -17.0000,  0, 0, 0
L -107.0000, 1.0000, -17.0000,  -107.0000, 2.0000, -17.0000,  0, 0, 0
L -107.0000, 2.0000, -17.0000,  -110.0000, 9.0000, -17.0000,  0, 0, 0
L -110.0000, 9.0000, -17.0000,  -112.0000, 13.0000, -17.0000,  0, 0, 0
L -98.4500, -16.0738, -17.4481,  -105.4911, -10.2209, -17.4481,  0, 0, 0
L -105.4911, -10.2209, -17.4481,  -105.7363, -8.4114, -17.4481,  0, 0, 0
L -105.7363, -8.4114, -17.4481,  -106.2049, -4.9697, -17.4481,  0, 0, 0
L -106.2049, -4.9697, -17.4481,  -106.4526, -3.1489, -17.4481,  0, 0, 0
L -106.4526, -3.1489, -17.4481,  -106.8774, -0.0263, -17.4481,  0, 0, 0
L -106.8774, -0.0263, -17.4481,  -107.5409, 1.6763, -17.4481,  0, 0, 0
L -112.2273, 13.6050, -17.4481,  -108.7166, 24.0735, -17.4481,  0, 0, 0
L -108.7166, 24.0735, -17.4481,  -106.7473, 24.1710, -17.4481,  0, 0, 0
L -106.7473, 24.1710, -17.4481,  -89.0912, 25.1732, -17.4481,  0, 0, 0
L -89.0912, 25.1732, -17.4481,  -87.9229, 26.1486, -17.4481,  0, 0, 0
L -87.9229, 26.1486, -17.4481,  -80.5298, 31.8632, -17.4481,  0, 0, 0
L -80.5298, 31.8632, -17.4481,  -78.4085, 33.5002, -17.4481,  0, 0, 0
L -78.4085, 33.5002, -17.4481,  -76.4166, 33.5686, -17.4481,  0, 0, 0
L -76.4166, 33.5686, -17.4481,  -50.5399, 34.5351, -17.4481,  0, 0, 0
L -50.5399, 34.5351, -17.4481,  -49.4408, 35.3967, -17.4481,  0, 0, 0
L -49.4408, 35.3967, -17.4481,  -48.2600, 36.4196, -17.4481,  0, 0, 0
L -48.2600, 36.4196, -17.4481,  -42.8749, 41.0973, -17.4050,  0, 0, 0
L -42.8749, 41.0973, -17.4050,  -41.2882, 40.0425, -17.4480,  0, 0, 0
L -41.2882, 40.0425, -17.4480,  -39.4375, 40.0147, -17.3732,  0, 0, 0
L -39.4375, 40.0147, -17.3732,  -37.5178, 40.2719, -17.4481,  0, 0, 0
L -37.5178, 40.2719, -17.4481,  -36.5444, 41.6260, -17.3926,  0, 0, 0
L -36.5444, 41.6260, -17.3926,  -35.7088, 43.2507, -17.4175,  0, 0, 0
L -35.7088, 43.2507, -17.4175,  -35.3407, 44.7879, -17.3482,  0, 0, 0
L -35.3407, 44.7879, -17.3482,  -34.8957, 48.0096, -17.4481,  0, 0, 0
L -34.8957, 48.0096, -17.4481,  -33.4461, 49.2657, -17.4481,  0, 0, 0
L -33.4461, 49.2657, -17.4481,  -27.2812, 54.7297, -17.4481,  0, 0, 0
L -27.2812, 54.7297, -17.4481,  -27.1633, 56.0213, -17.4481,  0, 0, 0
L -27.1633, 56.0213, -17.4481,  -27.7442, 57.7533, -17.4481,  0, 0, 0
L -27.7442, 57.7533, -17.4481,  -28.2001, 59.4612, -17.4481,  0, 0, 0
L -28.2001, 59.4612, -17.4481,  -30.7987, 69.1962, -17.4481,  0, 0, 0
L -30.7987, 69.1962, -17.4481,  -29.1200, 69.2159, -17.3697,  0, 0, 0
L -29.1200, 69.2159, -17.3697,  -27.2426, 69.8906, -17.4071,  0, 0, 0
L -27.2426, 69.8906, -17.4071,  -25.9838, 71.1451, -17.3672,  0, 0, 0
L -25.9838, 71.1451, -17.3672,  -25.3632, 72.8126, -17.4421,  0, 0, 0
L -25.3632, 72.8126, -17.4421,  -24.9866, 74.7230, -17.3332,  0, 0, 0
L -24.9866, 74.7230, -17.3332,  -25.8221, 76.4045, -17.3437,  0, 0, 0
L -25.8221, 76.4045, -17.3437,  -27.2744, 77.5687, -17.3953,  0, 0, 0
L -27.2744, 77.5687, -17.3953,  -29.0402, 78.4408, -17.4481,  0, 0, 0
L -29.0402, 78.4408, -17.4481,  -30.9437, 78.3950, -17.4481,  0, 0, 0
L -30.9437, 78.3950, -17.4481,  -32.6433, 78.2390, -17.4481,  0, 0, 0
L -32.6433, 78.2390, -17.4481,  -33.6602, 79.9360, -17.4481,  0, 0, 0
L -33.6602, 79.9360, -17.4481,  -34.0945, 81.5669, -17.4481,  0, 0, 0
L -34.0945, 81.5669, -17.4481,  -36.5932, 90.9292, -17.4481,  0, 0, 0
L -36.5932, 90.9292, -17.4481,  -37.2232, 93.2851, -17.4481,  0, 0, 0
L -37.2232, 93.2851, -17.4481,  -38.3835, 94.4641, -17.4481,  0, 0, 0
L -38.3835, 94.4641, -17.4481,  -40.3168, 94.9583, -17.4481,  0, 0, 0
L -40.3168, 94.9583, -17.4481,  -49.3359, 98.3846, -17.3222,  0, 0, 0
L -49.3359, 98.3846, -17.3222,  -47.5119, 98.7100, -17.3715,  0, 0, 0
L -47.5119, 98.7100, -17.3715,  -46.5769, 99.6286, -17.4293,  0, 0, 0
L -46.5769, 99.6286, -17.4293,  -45.5089, 101.3191, -17.3883,  0, 0, 0
L -45.5089, 101.3191, -17.3883,  -45.1747, 103.2854, -17.4294,  0, 0, 0
L -45.1747, 103.2854, -17.4294,  -45.6401, 105.0784, -17.3562,  0, 0, 0
L -45.6401, 105.0784, -17.3562,  -46.5138, 106.2186, -17.4012,  0, 0, 0
L -46.5138, 106.2186, -17.4012,  -48.0460, 107.3344, -17.4329,  0, 0, 0
L -48.0460, 107.3344, -17.4329,  -49.9686, 107.4710, -17.4481,  0, 0, 0
L -49.9686, 107.4710, -17.4481,  -51.8646, 106.8924, -17.4480,  0, 0, 0
L -51.8646, 106.8924, -17.4480,  -53.3098, 105.5617, -17.4481,  0, 0, 0
L -53.3098, 105.5617, -17.4481,  -53.9689, 104.2840, -17.4481,  0, 0, 0
L -53.9689, 104.2840, -17.4481,  -54.6435, 102.4262, -17.4481,  0, 0, 0
L -54.6435, 102.4262, -17.4481,  -55.1945, 100.7232, -17.4481,  0, 0, 0
L -55.1945, 100.7232, -17.4481,  -56.8487, 101.1128, -17.4481,  0, 0, 0
L -56.8487, 101.1128, -17.4481,  -58.4063, 101.6940, -17.4481,  0, 0, 0
L -58.4063, 101.6940, -17.4481,  -63.3564, 103.5380, -17.4481,  0, 0, 0
L -63.3564, 103.5380, -17.4481,  -64.8845, 104.5625, -17.4481,  0, 0, 0
L -64.8845, 104.5625, -17.4481,  -85.3905, 118.3903, -17.4481,  0, 0, 0
L -85.3905, 118.3903, -17.4481,  -86.2357, 120.0861, -17.4481,  0, 0, 0
L -86.2357, 120.0861, -17.4481,  -94.2952, 136.1720, -17.4481,  0, 0, 0
L -94.2952, 136.1720, -17.4481,  -95.1257, 137.7160, -17.4481,  0, 0, 0
L -95.1257, 137.7160, -17.4481,  -99.9880, 146.7751, -17.4271,  0, 0, 0
L -99.9880, 146.7751, -17.4271,  -98.4938, 145.7408, -17.3836,  0, 0, 0
L -98.4938, 145.7408, -17.3836,  -96.8441, 145.6135, -17.4313,  0, 0, 0
L -96.8441, 145.6135, -17.4313,  -95.2391, 145.7628, -17.4480,  0, 0, 0
L -95.2391, 145.7628, -17.4480,  -93.3451, 146.2294, -17.4481,  0, 0, 0
L -93.3451, 146.2294, -17.4481,  -92.2850, 147.8272, -17.1025,  0, 0, 0
L -92.2850, 147.8272, -17.1025,  -92.5607, 148.9916, -17.3557,  0, 0, 0
L -92.5607, 148.9916, -17.3557,  -92.7131, 151.4083, -17.4280,  0, 0, 0
L -92.7131, 151.4083, -17.4280,  -93.1085, 152.5097, -17.4314,  0, 0, 0
L -93.1085, 152.5097, -17.4314,  -93.4150, 153.5608, -17.3692,  0, 0, 0
L -93.4150, 153.5608, -17.3692,  -94.2231, 154.2847, -17.4480,  0, 0, 0
L -94.2231, 154.2847, -17.4480,  -95.9723, 155.0529, -17.4481,  0, 0, 0
L -95.9723, 155.0529, -17.4481,  -97.7687, 155.1768, -17.4481,  0, 0, 0
L -97.7687, 155.1768, -17.4481,  -99.5718, 154.8392, -17.4481,  0, 0, 0
L -99.5718, 154.8392, -17.4481,  -100.4711, 153.6266, -17.4481,  0, 0, 0
L -100.4711, 153.6266, -17.4481,  -102.1920, 151.3063, -17.4481,  0, 0, 0
L -102.1920, 151.3063, -17.4481,  -103.2212, 152.7510, -17.4481,  0, 0, 0
L -103.2212, 152.7510, -17.4481,  -104.1593, 154.4936, -17.4481,  0, 0, 0
L -104.1593, 154.4936, -17.4481,  -108.2037, 161.9609, -17.4481,  0, 0, 0
L -108.2037, 161.9609, -17.4481,  -109.5914, 163.2046, -17.4481,  0, 0, 0
L -109.5914, 163.2046, -17.4481,  -116.4156, 169.4123, -17.4481,  0, 0, 0
L -116.4156, 169.4123, -17.4481,  -123.9802, 176.2776, -17.4481,  0, 0, 0
L -123.9802, 176.2776, -17.4481,  -123.4685, 178.1473, -17.4481,  0, 0, 0
L -123.4685, 178.1473, -17.4481,  -122.8687, 180.0064, -17.4481,  0, 0, 0
L -122.8687, 180.0064, -17.4481,  -119.4766, 190.5233, -17.4481,  0, 0, 0
L -119.4766, 190.5233, -17.4481,  -118.1110, 191.8439, -17.4481,  0, 0, 0
L -118.1110, 191.8439, -17.4481,  -104.3425, 205.1849, -17.4481,  0, 0, 0
L -104.3425, 205.1849, -17.4481,  -102.4569, 204.9111, -17.4481,  0, 0, 0
L -102.4569, 204.9111, -17.4481,  -84.1474, 202.2693, -17.4481,  0, 0, 0
L -84.1474, 202.2693, -17.4481,  -74.5129, 203.8745, -17.4481,  0, 0, 0
L -74.5129, 203.8745, -17.4481,  -65.4198, 204.9420, -17.4481,  0, 0, 0
L -65.4198, 204.9420, -17.4481,  -63.6019, 204.2346, -17.4481,  0, 0, 0
L -63.6019, 204.2346, -17.4481,  -38.9891, 194.6573, -17.4481,  0, 0, 0
L -38.9891, 194.6573, -17.4481,  -37.2884, 195.5553, -17.4481,  0, 0, 0
L -37.2884, 195.5553, -17.4481,  -28.5909, 199.8991, -17.4481,  0, 0, 0
L -28.5909, 199.8991, -17.4481,  -25.8917, 201.2490, -17.4481,  0, 0, 0
L -25.8917, 201.2490, -17.4481,  -24.1616, 201.0275, -17.4481,  0, 0, 0
L -24.1616, 201.0275, -17.4481,  -9.7726, 199.2695, -17.4481,  0, 0, 0
L -9.7726, 199.2695, -17.4481,  -0.3352, 200.4856, -17.4481,  0, 0, 0
L -0.3352, 200.4856, -17.4481,  5.9998, 201.0208, -17.4481,  0, 0, 0
L 5.9998, 201.0208, -17.4481,  7.4605, 199.8192, -17.4481,  0, 0, 0
L 7.4605, 199.8192, -17.4481,  19.5897, 189.8693, -17.4481,  0, 0, 0
L 19.5897, 189.8693, -17.4481,  21.4268, 189.8681, -17.4481,  0, 0, 0
L 21.4268, 189.8681, -17.4481,  30.5826, 190.1062, -17.4481,  0, 0, 0
L 30.5826, 190.1062, -17.4481,  40.1586, 189.7391, -17.4481,  0, 0, 0
L 40.1586, 189.7391, -17.4481,  41.7941, 189.0431, -17.4481,  0, 0, 0
L 41.7941, 189.0431, -17.4481,  62.4573, 180.3053, -17.4481,  0, 0, 0
L 62.4573, 180.3053, -17.4481,  66.7828, 181.9817, -17.3565,  0, 0, 0
L 66.7828, 181.9817, -17.3565,  66.1214, 180.1118, -17.3970,  0, 0, 0
L 66.1214, 180.1118, -17.3970,  65.8278, 178.4316, -17.4156,  0, 0, 0
L 65.8278, 178.4316, -17.4156,  66.2864, 176.9211, -17.4481,  0, 0, 0
L 66.2864, 176.9211, -17.4481,  67.6395, 175.5941, -17.2629,  0, 0, 0
L 67.6395, 175.5941, -17.2629,  69.2075, 174.5379, -17.3592,  0, 0, 0
L 69.2075, 174.5379, -17.3592,  71.0171, 174.5781, -17.3752,  0, 0, 0
L 71.0171, 174.5781, -17.3752,  72.6566, 174.7360, -17.3524,  0, 0, 0
L 72.6566, 174.7360, -17.3524,  73.9897, 176.0407, -17.4481,  0, 0, 0
L 73.9897, 176.0407, -17.4481,  74.5900, 177.9483, -17.4481,  0, 0, 0
L 74.5900, 177.9483, -17.4481,  74.8108, 179.8962, -17.4480,  0, 0, 0
L 74.8108, 179.8962, -17.4480,  74.3186, 182.9874, -17.4481,  0, 0, 0
L 74.3186, 182.9874, -17.4481,  73.9366, 184.7658, -17.4481,  0, 0, 0
L 73.9366, 184.7658, -17.4481,  75.0587, 185.8541, -17.4481,  0, 0, 0
L 75.0587, 185.8541, -17.4481,  76.6754, 186.5743, -17.4481,  0, 0, 0
L 76.6754, 186.5743, -17.4481,  90.5699, 192.6501, -17.4481,  0, 0, 0
L 90.5699, 192.6501, -17.4481,  92.2555, 192.0213, -17.4481,  0, 0, 0
L 92.2555, 192.0213, -17.4481,  107.9037, 186.3286, -17.2243,  0, 0, 0
L 107.9037, 186.3286, -17.2243,  109.7448, 186.7282, -16.9743,  0, 0, 0
L 109.7448, 186.7282, -16.9743,  123.6914, 189.6432, -14.7923,  0, 0, 0
L 123.6914, 189.6432, -14.7923,  124.3431, 187.7924, -14.7643,  0, 0, 0
L 124.3431, 187.7924, -14.7643,  131.9844, 166.1335, -14.8244,  0, 0, 0
L 131.9844, 166.1335, -14.8244,  130.3256, 165.3139, -15.0855,  0, 0, 0
L 130.3256, 165.3139, -15.0855,  128.5814, 164.6256, -15.4014,  0, 0, 0
L 128.5814, 164.6256, -15.4014,  126.9179, 163.6250, -15.7125,  0, 0, 0
L 126.9179, 163.6250, -15.7125,  125.1549, 162.7534, -16.0744,  0, 0, 0
L 125.1549, 162.7534, -16.0744,  108.4367, 154.6554, -17.4481,  0, 0, 0
L 108.4367, 154.6554, -17.4481,  106.7049, 154.1814, -17.4481,  0, 0, 0
L 106.7049, 154.1814, -17.4481,  88.5952, 149.1233, -17.4481,  0, 0, 0
L 88.5952, 149.1233, -17.4481,  87.8047, 147.7871, -17.4481,  0, 0, 0
L 87.8047, 147.7871, -17.4481,  86.6835, 146.3053, -17.4481,  0, 0, 0
L 86.6835, 146.3053, -17.4481,  80.7842, 138.6074, -17.4481,  0, 0, 0
L 80.7842, 138.6074, -17.4481,  70.4888, 125.1635, -17.4481,  0, 0, 0
L 70.4888, 125.1635, -17.4481,  69.4350, 123.4645, -17.4481,  0, 0, 0
L 69.4350, 123.4645, -17.4481,  66.8011, 119.3459, -17.4414,  0, 0, 0
L 66.8011, 119.3459, -17.4414,  65.3042, 120.4465, -17.3621,  0, 0, 0
L 65.3042, 120.4465, -17.3621,  63.5782, 121.1450, -17.4481,  0, 0, 0
L 63.5782, 121.1450, -17.4481,  62.2453, 120.7492, -17.3308,  0, 0, 0
L 62.2453, 120.7492, -17.3308,  60.2816, 120.4053, -17.4481,  0, 0, 0
L 60.2816, 120.4053, -17.4481,  59.4995, 118.6207, -17.3024,  0, 0, 0
L 59.4995, 118.6207, -17.3024,  59.1513, 117.0814, -17.4479,  0, 0, 0
L 59.1513, 117.0814, -17.4479,  59.4896, 114.3233, -17.3565,  0, 0, 0
L 59.4896, 114.3233, -17.3565,  60.4794, 112.7340, -17.4481,  0, 0, 0
L 60.4794, 112.7340, -17.4481,  61.4521, 111.0004, -17.4481,  0, 0, 0
L 61.4521, 111.0004, -17.4481,  60.4248, 109.4100, -17.4481,  0, 0, 0
L 60.4248, 109.4100, -17.4481,  50.3000, 93.6004, -17.4481,  0, 0, 0
L 50.3000, 93.6004, -17.4481,  49.0986, 92.2681, -17.4481,  0, 0, 0
L 49.0986, 92.2681, -17.4481,  29.1505, 70.0545, -17.4481,  0, 0, 0
L 29.1505, 70.0545, -17.4481,  28.0496, 68.6626, -17.4481,  0, 0, 0
L 28.0496, 68.6626, -17.4481,  28.0299, 66.8058, -17.4481,  0, 0, 0
L 28.0299, 66.8058, -17.4481,  27.5790, 58.0205, -17.4481,  0, 0, 0
L 27.5790, 58.0205, -17.4481,  27.4853, 56.1897, -17.4481,  0, 0, 0
L 27.4853, 56.1897, -17.4481,  27.9247, 46.0054, -17.4481,  0, 0, 0
L 27.9247, 46.0054, -17.4481,  28.3220, 44.6796, -17.4481,  0, 0, 0
L 28.3220, 44.6796, -17.4481,  31.0041, 35.7129, -17.4481,  0, 0, 0
L 31.0041, 35.7129, -17.4481,  33.2049, 28.3802, -17.4481,  0, 0, 0
L 33.2049, 28.3802, -17.4481,  33.6917, 27.3765, -17.4481,  0, 0, 0
L 33.6917, 27.3765, -17.4481,  34.9414, 26.7574, -17.4481,  0, 0, 0
L 34.9414, 26.7574, -17.4481,  35.9723, 26.0421, -17.4481,  0, 0, 0
L 35.9723, 26.0421, -17.4481,  43.6446, 20.1665, -17.4481,  0, 0, 0
L 43.6446, 20.1665, -17.4481,  49.3266, 15.9603, -17.4481,  0, 0, 0
L 49.3266, 15.9603, -17.4481,  50.7688, 15.6220, -17.4481,  0, 0, 0
L 50.7688, 15.6220, -17.4481,  60.2617, 12.8703, -17.4481,  0, 0, 0
L 60.2617, 12.8703, -17.4481,  65.1704, 11.4879, -17.4481,  0, 0, 0
L 65.1704, 11.4879, -17.4481,  66.9466, 12.3562, -17.4481,  0, 0, 0
L 66.9466, 12.3562, -17.4481,  92.5838, 24.6970, -17.4431,  0, 0, 0
L 92.5838, 24.6970, -17.4431,  92.5692, 22.9987, -17.4176,  0, 0, 0
L 92.5692, 22.9987, -17.4176,  93.0327, 21.5936, -17.4146,  0, 0, 0
L 93.0327, 21.5936, -17.4146,  93.8066, 20.2506, -17.4481,  0, 0, 0
L 93.8066, 20.2506, -17.4481,  95.2419, 19.6624, -17.2287,  0, 0, 0
L 95.2419, 19.6624, -17.2287,  96.8600, 19.4094, -17.3032,  0, 0, 0
L 96.8600, 19.4094, -17.3032,  99.2822, 19.7445, -17.3281,  0, 0, 0
L 99.2822, 19.7445, -17.3281,  100.4943, 21.2868, -17.4199,  0, 0, 0
L 100.4943, 21.2868, -17.4199,  101.2081, 22.9998, -17.4481,  0, 0, 0
L 101.2081, 22.9998, -17.4481,  101.4205, 24.1560, -17.2985,  0, 0, 0
L 101.4205, 24.1560, -17.2985,  101.1500, 25.0360, -17.4133,  0, 0, 0
L 101.1500, 25.0360, -17.4133,  100.8318, 26.1454, -17.3834,  0, 0, 0
L 100.8318, 26.1454, -17.3834,  100.5241, 27.2613, -17.3687,  0, 0, 0
L 100.5241, 27.2613, -17.3687,  101.3271, 28.8982, -17.4481,  0, 0, 0
L 101.3271, 28.8982, -17.4481,  103.0663, 29.7348, -17.4481,  0, 0, 0
L 103.0663, 29.7348, -17.4481,  109.1280, 32.9466, -17.4481,  0, 0, 0
L 109.1280, 32.9466, -17.4481,  117.6288, 37.6448, -17.4481,  0, 0, 0
L 117.6288, 37.6448, -17.4481,  124.1541, 40.9789, -17.4481,  0, 0, 0
L 124.1541, 40.9789, -17.4481,  125.9399, 41.0356, -17.4481,  0, 0, 0
L 125.9399, 41.0356, -17.4481,  138.3223, 41.4361, -17.4481,  0, 0, 0
L 138.3223, 41.4361, -17.4481,  139.9676, 40.5843, -17.4481,  0, 0, 0
L 139.9676, 40.5843, -17.4481,  148.3442, 36.2640, -17.1126,  0, 0, 0
L 148.3442, 36.2640, -17.1126,  148.5040, 34.3342, -17.4461,  0, 0, 0
L 148.5040, 34.3342, -17.4461,  149.5609, 32.7975, -17.4481,  0, 0, 0
L 149.5609, 32.7975, -17.4481,  151.0979, 31.7973, -17.4521,  0, 0, 0
L 151.0979, 31.7973, -17.4521,  153.0402, 31.5202, -17.4480,  0, 0, 0
L 153.0402, 31.5202, -17.4480,  155.2850, 31.6569, -17.4409,  0, 0, 0
L 155.2850, 31.6569, -17.4409,  156.3338, 32.5979, -17.4481,  0, 0, 0
L 156.3338, 32.5979, -17.4481,  157.9107, 34.0270, -17.4481,  0, 0, 0
L 157.9107, 34.0270, -17.4481,  159.7237, 34.6146, -17.4481,  0, 0, 0
L 159.7237, 34.6146, -17.4481,  161.5278, 34.9902, -17.4481,  0, 0, 0
L 161.5278, 34.9902, -17.4481,  163.4974, 34.7993, -17.4007,  0, 0, 0
L 163.4974, 34.7993, -17.4007,  165.3046, 34.0338, -17.4045,  0, 0, 0
L 165.3046, 34.0338, -17.4045,  167.7448, 34.5766, -17.3007,  0, 0, 0
L 167.7448, 34.5766, -17.3007,  169.2753, 33.5189, -17.1447,  0, 0, 0
L 169.2753, 33.5189, -17.1447,  169.5131, 31.8029, -17.3092,  0, 0, 0
L 169.5131, 31.8029, -17.3092,  170.0018, 28.5797, -17.4463,  0, 0, 0
L 170.0018, 28.5797, -17.4463,  171.1850, 26.9697, -16.8384,  0, 0, 0
L 171.1850, 26.9697, -16.8384,  172.1438, 25.7238, -16.5294,  0, 0, 0
L 172.1438, 25.7238, -16.5294,  173.7722, 24.6129, -14.8579,  0, 0, 0
L 173.7722, 24.6129, -14.8579,  175.5445, 24.3727, -12.4724,  0, 0, 0
L 175.5445, 24.3727, -12.4724,  176.6351, 24.8714, -11.9015,  0, 0, 0
L 176.6351, 24.8714, -11.9015,  182.0323, 27.2759, -7.3750,  0, 0, 0
L 182.0323, 27.2759, -7.3750,  183.5074, 27.3243, -6.7975,  0, 0, 0
L 183.5074, 27.3243, -6.7975,  185.9117, 27.3620, -5.9614,  0, 0, 0
L 185.9117, 27.3620, -5.9614,  187.6572, 28.1020, -6.3331,  0, 0, 0
L 187.6572, 28.1020, -6.3331,  191.2757, 29.5787, -5.6168,  0, 0, 0
L 191.2757, 29.5787, -5.6168,  192.2114, 29.8287, -5.5628,  0, 0, 0
L 192.2114, 29.8287, -5.5628,  201.2539, 32.3103, -5.7445,  0, 0, 0
L 201.2539, 32.3103, -5.7445,  210.7171, 35.2477, -6.7883,  0, 0, 0
L 210.7171, 35.2477, -6.7883,  211.8652, 35.8208, -6.7839,  0, 0, 0
L 211.8652, 35.8208, -6.7839,  240.1175, 49.9255, -8.6808,  0, 0, 0
L 240.1175, 49.9255, -8.6808,  246.6892, 53.3405, -10.9794,  0, 0, 0
L 246.6892, 53.3405, -10.9794,  248.4538, 54.6466, -11.3030,  0, 0, 0
L 248.4538, 54.6466, -11.3030,  250.4604, 56.2975, -11.7750,  0, 0, 0
L 250.4604, 56.2975, -11.7750,  258.0347, 62.6457, -12.8411,  0, 0, 0
L 258.0347, 62.6457, -12.8411,  259.1025, 63.3721, -12.8597,  0, 0, 0
L 259.1025, 63.3721, -12.8597,  267.0857, 68.2836, -13.9521,  0, 0, 0
L 267.0857, 68.2836, -13.9521,  272.2843, 71.3632, -14.8514,  0, 0, 0
L 272.2843, 71.3632, -14.8514,  273.3923, 71.8175, -15.0173,  0, 0, 0
L 273.3923, 71.8175, -15.0173,  274.4168, 72.1794, -15.2075,  0, 0, 0
L 274.4168, 72.1794, -15.2075,  276.4699, 72.7536, -16.1982,  0, 0, 0
L 276.4699, 72.7536, -16.1982,  285.1883, 75.3013, -20.4405,  0, 0, 0
L 285.1883, 75.3013, -20.4405,  288.1341, 76.2093, -21.7132,  0, 0, 0
L 288.1341, 76.2093, -21.7132,  289.1074, 76.6409, -22.3394,  0, 0, 0
L 289.1074, 76.6409, -22.3394,  297.4329, 80.5589, -26.2988,  0, 0, 0
L 297.4329, 80.5589, -26.2988,  299.9159, 81.7878, -27.0128,  0, 0, 0
L 299.9159, 81.7878, -27.0128,  302.3199, 83.2402, -28.4146,  0, 0, 0
L 302.3199, 83.2402, -28.4146,  304.3023, 84.9220, -31.2277,  0, 0, 0
L 304.3023, 84.9220, -31.2277,  309.4050, 89.1399, -35.5246,  0, 0, 0
L 309.4050, 89.1399, -35.5246,  310.9456, 91.3386, -35.7290,  0, 0, 0
L 310.9456, 91.3386, -35.7290,  315.9035, 98.4139, -42.5926,  0, 0, 0
L 315.9035, 98.4139, -42.5926,  316.6451, 99.1011, -42.3290,  0, 0, 0
L 316.6451, 99.1011, -42.3290,  319.6800, 101.5284, -41.3117,  0, 0, 0
L 319.6800, 101.5284, -41.3117,  321.1074, 102.6209, -40.9382,  0, 0, 0
L 321.1074, 102.6209, -40.9382,  321.6191, 103.4431, -40.5280,  0, 0, 0
L 321.6191, 103.4431, -40.5280,  321.1824, 108.2456, -39.5696,  0, 0, 0
L 321.1824, 108.2456, -39.5696,  320.5268, 109.8054, -38.0900,  0, 0, 0
L 320.5268, 109.8054, -38.0900,  320.2397, 111.6558, -37.4764,  0, 0, 0
L 320.2397, 111.6558, -37.4764,  319.9081, 113.0289, -37.0079,  0, 0, 0
L 319.9081, 113.0289, -37.0079,  318.8880, 114.7192, -37.6821,  0, 0, 0
L 318.8880, 114.7192, -37.6821,  314.5793, 121.8498, -36.5449,  0, 0, 0
L 314.5793, 121.8498, -36.5449,  313.5818, 123.5990, -35.9206,  0, 0, 0
L 313.5818, 123.5990, -35.9206,  309.4300, 131.0593, -33.3013,  0, 0, 0
L 309.4300, 131.0593, -33.3013,  304.8911, 139.2984, -29.9065,  0, 0, 0
L 304.8911, 139.2984, -29.9065,  302.7823, 143.1294, -27.9216,  0, 0, 0
L 302.7823, 143.1294, -27.9216,  302.3140, 144.7054, -27.3573,  0, 0, 0
L 302.3140, 144.7054, -27.3573,  301.8940, 146.2697, -27.3692,  0, 0, 0
L 301.8940, 146.2697, -27.3692,  301.4836, 147.9976, -27.4085,  0, 0, 0
L 301.4836, 147.9976, -27.4085,  301.1264, 149.5009, -27.4461,  0, 0, 0
L 301.1264, 149.5009, -27.4461,  300.7382, 151.1352, -27.4844,  0, 0, 0
L 300.7382, 151.1352, -27.4844,  300.3391, 152.8426, -28.3288,  0, 0, 0
L 300.3391, 152.8426, -28.3288,  299.6501, 154.1313, -28.3919,  0, 0, 0
L 299.6501, 154.1313, -28.3919,  294.1870, 164.3037, -26.4835,  0, 0, 0
L 294.1870, 164.3037, -26.4835,  293.1899, 166.1186, -25.4119,  0, 0, 0
L 293.1899, 166.1186, -25.4119,  292.9543, 167.7710, -24.6467,  0, 0, 0
L 292.9543, 167.7710, -24.6467,  293.4522, 172.6216, -24.8846,  0, 0, 0
L 293.4522, 172.6216, -24.8846,  293.5891, 174.4189, -24.8565,  0, 0, 0
L 293.5891, 174.4189, -24.8565,  293.9911, 176.7115, -25.0085,  0, 0, 0
L 293.9911, 176.7115, -25.0085,  294.5136, 178.4390, -25.7837,  0, 0, 0
L 294.5136, 178.4390, -25.7837,  294.6576, 180.3721, -26.1171,  0, 0, 0
L 294.6576, 180.3721, -26.1171,  295.0275, 185.2318, -26.9902,  0, 0, 0
L 295.0275, 185.2318, -26.9902,  295.2747, 186.9180, -27.3776,  0, 0, 0
L 295.2747, 186.9180, -27.3776,  295.7016, 190.6213, -27.7571,  0, 0, 0
L 295.7016, 190.6213, -27.7571,  295.8948, 192.1414, -27.9953,  0, 0, 0
L 295.8948, 192.1414, -27.9953,  296.3175, 194.7810, -28.6037,  0, 0, 0
L 296.3175, 194.7810, -28.6037,  297.1655, 196.3255, -29.3538,  0, 0, 0
L 297.1655, 196.3255, -29.3538,  298.8225, 197.3126, -29.9964,  0, 0, 0
L 298.8225, 197.3126, -29.9964,  300.5946, 197.8870, -30.2233,  0, 0, 0
L 300.5946, 197.8870, -30.2233,  302.0748, 198.3636, -30.4100,  0, 0, 0
L 302.0748, 198.3636, -30.4100,  303.2955, 198.9810, -30.4268,  0, 0, 0
L 303.2955, 198.9810, -30.4268,  304.8367, 199.5970, -30.6739,  0, 0, 0
L 304.8367, 199.5970, -30.6739,  313.6508, 202.8966, -32.0129,  0, 0, 0
L 313.6508, 202.8966, -32.0129,  317.6672, 204.5428, -32.4437,  0, 0, 0
L 317.6672, 204.5428, -32.4437,  319.2690, 205.4764, -32.3931,  0, 0, 0
L 319.2690, 205.4764, -32.3931,  320.6029, 206.2407, -32.3384,  0, 0, 0
L 320.6029, 206.2407, -32.3384,  322.0845, 206.8433, -32.3217,  0, 0, 0
L 322.0845, 206.8433, -32.3217,  324.2150, 207.6282, -32.4930,  0, 0, 0
L 324.2150, 207.6282, -32.4930,  326.1938, 207.8392, -32.6805,  0, 0, 0
L 326.1938, 207.8392, -32.6805,  327.8798, 208.5810, -33.2303,  0, 0, 0
L 327.8798, 208.5810, -33.2303,  329.5687, 209.0812, -33.3448,  0, 0, 0
L 329.5687, 209.0812, -33.3448,  331.1734, 209.0001, -33.2098,  0, 0, 0
L 331.1734, 209.0001, -33.2098,  332.0126, 209.4892, -33.5845,  0, 0, 0
L 332.0126, 209.4892, -33.5845,  333.8614, 210.0968, -33.8631,  0, 0, 0
L 333.8614, 210.0968, -33.8631,  342.5389, 212.6703, -33.9595,  0, 0, 0
L 342.5389, 212.6703, -33.9595,  349.2908, 214.6067, -35.6875,  0, 0, 0
L 349.2908, 214.6067, -35.6875,  350.8777, 213.9490, -35.7053,  0, 0, 0
L 350.8777, 213.9490, -35.7053,  352.2262, 214.5672, -36.4823,  0, 0, 0
L 352.2262, 214.5672, -36.4823,  358.9947, 217.3480, -38.6146,  0, 0, 0
L 358.9947, 217.3480, -38.6146,  368.2179, 220.9057, -39.8755,  0, 0, 0
L 368.2179, 220.9057, -39.8755,  372.0742, 222.2224, -39.9031,  0, 0, 0
L 372.0742, 222.2224, -39.9031,  379.8303, 224.5461, -40.6512,  0, 0, 0
L 379.8303, 224.5461, -40.6512,  381.8165, 224.7668, -41.8377,  0, 0, 0
L 381.8165, 224.7668, -41.8377,  383.5295, 225.4519, -42.1217,  0, 0, 0
L 383.5295, 225.4519, -42.1217,  398.1054, 231.1502, -53.2607,  0, 0, 0
L 398.1054, 231.1502, -53.2607,  402.4014, 232.6691, -55.0436,  0, 0, 0
L 402.4014, 232.6691, -55.0436,  404.3007, 232.5345, -55.4623,  0, 0, 0
L 404.3007, 232.5345, -55.4623,  408.9594, 232.5226, -54.3974,  0, 0, 0
L 408.9594, 232.5226, -54.3974,  410.9345, 232.7960, -53.2148,  0, 0, 0
L 410.9345, 232.7960, -53.2148,  413.2547, 232.5503, -52.3054,  0, 0, 0
L 413.2547, 232.5503, -52.3054,  417.0492, 232.2121, -51.8203,  0, 0, 0
L 417.0492, 232.2121, -51.8203,  421.6147, 231.9407, -50.7340,  0, 0, 0
L 421.6147, 231.9407, -50.7340,  423.0437, 232.4718, -49.5610,  0, 0, 0
L 423.0437, 232.4718, -49.5610,  424.5585, 232.8528, -48.4202,  0, 0, 0
L 424.5585, 232.8528, -48.4202,  425.8748, 232.4388, -47.6972,  0, 0, 0
L 425.8748, 232.4388, -47.6972,  429.0735, 231.8550, -47.4763,  0, 0, 0
L 429.0735, 231.8550, -47.4763,  430.3167, 231.4259, -47.6260,  0, 0, 0
L 430.3167, 231.4259, -47.6260,  437.6549, 229.1858, -51.9434,  0, 0, 0
L 437.6549, 229.1858, -51.9434,  439.0899, 228.6088, -53.1303,  0, 0, 0
L 439.0899, 228.6088, -53.1303,  440.4849, 228.6860, -55.0075,  0, 0, 0
L 440.4849, 228.6860, -55.0075,  441.9153, 228.5016, -57.4005,  0, 0, 0
L 441.9153, 228.5016, -57.4005,  446.1057, 228.2301, -57.8960,  0, 0, 0
L 446.1057, 228.2301, -57.8960,  447.4752, 227.5944, -57.9420,  0, 0, 0
L 447.4752, 227.5944, -57.9420,  449.1021, 226.5257, -58.7708,  0, 0, 0
L 449.1021, 226.5257, -58.7708,  450.8119, 225.7194, -60.7071,  0, 0, 0
L 450.8119, 225.7194, -60.7071,  452.0721, 224.7346, -63.3885,  0, 0, 0
L 452.0721, 224.7346, -63.3885,  453.5726, 224.8648, -64.5511,  0, 0, 0
L 453.5726, 224.8648, -64.5511,  455.4112, 224.1721, -65.1943,  0, 0, 0
L 455.4112, 224.1721, -65.1943,  461.7440, 222.0907, -66.7302,  0, 0, 0
L 461.7440, 222.0907, -66.7302,  466.7596, 220.0880, -67.1508,  0, 0, 0
L 466.7596, 220.0880, -67.1508,  468.0071, 218.5665, -66.9273,  0, 0, 0
L 468.0071, 218.5665, -66.9273,  469.5534, 217.4744, -67.4565,  0, 0, 0
L 469.5534, 217.4744, -67.4565,  470.5658, 216.2899, -67.6088,  0, 0, 0
L 470.5658, 216.2899, -67.6088,  471.7926, 214.8190, -67.7653,  0, 0, 0
L 471.7926, 214.8190, -67.7653,  472.8743, 213.3653, -68.0301,  0, 0, 0
L 472.8743, 213.3653, -68.0301,  473.5544, 211.5078, -68.2678,  0, 0, 0
L 473.5544, 211.5078, -68.2678,  474.3064, 209.4705, -68.8247,  0, 0, 0
L 474.3064, 209.4705, -68.8247,  475.3008, 208.0650, -68.9566,  0, 0, 0
L 475.3008, 208.0650, -68.9566,  476.3567, 206.7482, -69.1440,  0, 0, 0
L 476.3567, 206.7482, -69.1440,  478.7634, 203.9072, -69.3541,  0, 0, 0
L 478.7634, 203.9072, -69.3541,  479.9092, 202.6843, -69.2888,  0, 0, 0
L 479.9092, 202.6843, -69.2888,  481.1301, 201.9319, -69.1785,  0, 0, 0
L 481.1301, 201.9319, -69.1785,  496.1047, 192.5815, -67.3415,  0, 0, 0
L 496.1047, 192.5815, -67.3415,  497.3917, 191.6269, -66.5855,  0, 0, 0
L 497.3917, 191.6269, -66.5855,  498.3949, 190.1558, -65.8082,  0, 0, 0
L 498.3949, 190.1558, -65.8082,  499.1580, 188.6191, -65.5199,  0, 0, 0
L 499.1580, 188.6191, -65.5199,  499.8280, 187.1294, -65.2911,  0, 0, 0
L 499.8280, 187.1294, -65.2911,  500.4025, 185.5834, -65.2606,  0, 0, 0
L 500.4025, 185.5834, -65.2606,  501.0125, 183.9340, -65.2347,  0, 0, 0
L 501.0125, 183.9340, -65.2347,  501.5412, 182.3291, -65.2788,  0, 0, 0
L 501.5412, 182.3291, -65.2788,  502.7558, 178.6915, -65.3454,  0, 0, 0
L 502.7558, 178.6915, -65.3454,  503.3407, 177.1058, -65.1178,  0, 0, 0
L 503.3407, 177.1058, -65.1178,  503.9417, 175.4687, -64.8888,  0, 0, 0
L 503.9417, 175.4687, -64.8888,  504.4012, 173.8123, -64.8184,  0, 0, 0
L 504.4012, 173.8123, -64.8184,  504.7469, 172.1687, -64.8299,  0, 0, 0
L 504.7469, 172.1687, -64.8299,  505.1693, 170.5038, -64.8266,  0, 0, 0
L 505.1693, 170.5038, -64.8266,  505.6351, 168.8479, -64.5709,  0, 0, 0
L 505.6351, 168.8479, -64.5709,  506.0771, 167.2409, -64.4265,  0, 0, 0
L 506.0771, 167.2409, -64.4265,  508.6193, 158.0213, -63.5386,  0, 0, 0
L 508.6193, 158.0213, -63.5386,  508.6918, 156.1095, -63.2602,  0, 0, 0
L 508.6918, 156.1095, -63.2602,  508.2135, 153.2926, -63.1423,  0, 0, 0
L 508.2135, 153.2926, -63.1423,  507.8496, 151.4269, -63.1721,  0, 0, 0
L 507.8496, 151.4269, -63.1721,  507.4044, 149.0854, -63.1626,  0, 0, 0
L 507.4044, 149.0854, -63.1626,  507.0263, 147.1248, -63.1765,  0, 0, 0
L 507.0263, 147.1248, -63.1765,  506.5800, 144.7834, -63.1696,  0, 0, 0
L 506.5800, 144.7834, -63.1696,  506.2718, 143.0863, -63.0788,  0, 0, 0
L 506.2718, 143.0863, -63.0788,  505.5990, 141.3277, -63.2991,  0, 0, 0
L 505.5990, 141.3277, -63.2991,  505.0676, 139.5368, -62.6538,  0, 0, 0
L 505.0676, 139.5368, -62.6538,  504.5817, 137.6524, -60.9720,  0, 0, 0
L 504.5817, 137.6524, -60.9720,  504.0662, 135.9012, -59.5867,  0, 0, 0
L 504.0662, 135.9012, -59.5867,  503.3931, 133.6466, -57.8300,  0, 0, 0
L 503.3931, 133.6466, -57.8300,  502.8355, 131.9346, -56.6216,  0, 0, 0
L 502.8355, 131.9346, -56.6216,  502.2464, 130.0313, -55.1955,  0, 0, 0
L 502.2464, 130.0313, -55.1955,  501.6834, 128.1736, -53.7712,  0, 0, 0
L 501.6834, 128.1736, -53.7712,  501.1728, 126.5014, -52.4987,  0, 0, 0
L 501.1728, 126.5014, -52.4987,  501.9016, 124.8972, -51.2666,  0, 0, 0
L 501.9016, 124.8972, -51.2666,  502.7023, 123.7373, -50.3063,  0, 0, 0
L 502.7023, 123.7373, -50.3063,  503.5011, 122.5414, -49.4224,  0, 0, 0
L 503.5011, 122.5414, -49.4224,  504.1209, 120.6614, -48.5179,  0, 0, 0
L 504.1209, 120.6614, -48.5179,  504.4522, 118.7430, -48.5014,  0, 0, 0
L 504.4522, 118.7430, -48.5014,  504.7924, 115.8626, -49.1095,  0, 0, 0
L 504.7924, 115.8626, -49.1095,  505.3547, 113.9936, -50.6742,  0, 0, 0
L 505.3547, 113.9936, -50.6742,  505.7645, 112.0822, -51.9056,  0, 0, 0
L 505.7645, 112.0822, -51.9056,  505.5143, 110.3261, -51.4104,  0, 0, 0
L 505.5143, 110.3261, -51.4104,  506.1764, 108.5937, -50.8573,  0, 0, 0
L 506.1764, 108.5937, -50.8573,  506.1178, 106.9893, -50.1673,  0, 0, 0
L 506.1178, 106.9893, -50.1673,  505.7601, 101.7487, -48.5569,  0, 0, 0
L 505.7601, 101.7487, -48.5569,  505.5392, 100.0088, -48.2667,  0, 0, 0
L 505.5392, 100.0088, -48.2667,  505.0610, 98.2068, -47.6299,  0, 0, 0
L 505.0610, 98.2068, -47.6299,  504.4142, 96.6489, -47.0592,  0, 0, 0
L 504.4142, 96.6489, -47.0592,  503.5221, 94.8623, -46.7594,  0, 0, 0
L 503.5221, 94.8623, -46.7594,  502.6062, 93.1551, -46.6227,  0, 0, 0
L 502.6062, 93.1551, -46.6227,  501.7331, 91.4399, -46.3739,  0, 0, 0
L 501.7331, 91.4399, -46.3739,  500.7673, 89.7524, -46.3787,  0, 0, 0
L 500.7673, 89.7524, -46.3787,  499.7126, 88.2876, -46.6272,  0, 0, 0
L 499.7126, 88.2876, -46.6272,  498.4413, 86.5202, -46.9728,  0, 0, 0
L 498.4413, 86.5202, -46.9728,  497.4682, 84.9587, -47.5098,  0, 0, 0
L 497.4682, 84.9587, -47.5098,  496.6137, 83.4227, -47.6285,  0, 0, 0
L 496.6137, 83.4227, -47.6285,  491.7551, 74.7231, -48.3737,  0, 0, 0
L 491.7551, 74.7231, -48.3737,  490.5943, 73.1549, -49.0033,  0, 0, 0
L 490.5943, 73.1549, -49.0033,  489.3486, 71.8152, -49.4776,  0, 0, 0
L 489.3486, 71.8152, -49.4776,  488.3652, 70.5068, -49.5035,  0, 0, 0
L 488.3652, 70.5068, -49.5035,  487.2188, 69.1012, -49.6905,  0, 0, 0
L 487.2188, 69.1012, -49.6905,  486.0660, 67.8729, -50.2145,  0, 0, 0
L 486.0660, 67.8729, -50.2145,  484.7820, 66.5978, -50.5556,  0, 0, 0
L 484.7820, 66.5978, -50.5556,  482.9611, 66.1370, -53.8541,  0, 0, 0
L 482.9611, 66.1370, -53.8541,  481.5655, 64.9273, -54.6408,  0, 0, 0
L 481.5655, 64.9273, -54.6408,  479.9670, 63.7617, -56.1968,  0, 0, 0
L 479.9670, 63.7617, -56.1968,  478.4654, 62.5267, -57.2594,  0, 0, 0
L 478.4654, 62.5267, -57.2594,  476.8198, 61.4066, -59.0064,  0, 0, 0
L 476.8198, 61.4066, -59.0064,  475.2406, 60.2863, -60.1446,  0, 0, 0
L 475.2406, 60.2863, -60.1446,  473.6584, 59.1298, -60.2157,  0, 0, 0
L 473.6584, 59.1298, -60.2157,  472.1779, 58.0777, -60.1780,  0, 0, 0
L 472.1779, 58.0777, -60.1780,  470.8230, 56.8293, -60.1876,  0, 0, 0
L 470.8230, 56.8293, -60.1876,  469.2389, 55.7122, -60.4741,  0, 0, 0
L 469.2389, 55.7122, -60.4741,  467.7860, 54.6176, -60.5608,  0, 0, 0
L 467.7860, 54.6176, -60.5608,  466.3106, 53.5892, -60.8579,  0, 0, 0
L 466.3106, 53.5892, -60.8579,  464.8310, 52.4552, -60.8979,  0, 0, 0
L 464.8310, 52.4552, -60.8979,  460.1670, 48.6621, -60.4355,  0, 0, 0
L 460.1670, 48.6621, -60.4355,  458.7601, 47.4042, -59.9955,  0, 0, 0
L 458.7601, 47.4042, -59.9955,  454.2668, 43.3839, -58.5824,  0, 0, 0
L 454.2668, 43.3839, -58.5824,  449.8073, 39.3013, -56.8636,  0, 0, 0
L 449.8073, 39.3013, -56.8636,  447.9659, 38.6297, -56.7394,  0, 0, 0
L 447.9659, 38.6297, -56.7394,  446.2617, 37.9536, -56.6197,  0, 0, 0
L 446.2617, 37.9536, -56.6197,  436.9820, 34.3533, -55.1962,  0, 0, 0
L 436.9820, 34.3533, -55.1962,  435.0482, 34.2387, -55.0590,  0, 0, 0
L 435.0482, 34.2387, -55.0590,  425.1857, 33.5491, -54.2407,  0, 0, 0
L 425.1857, 33.5491, -54.2407,  423.4467, 33.2372, -54.2098,  0, 0, 0
L 423.4467, 33.2372, -54.2098,  413.5523, 31.8393, -52.4163,  0, 0, 0
L 413.5523, 31.8393, -52.4163,  411.1034, 31.3901, -51.9201,  0, 0, 0
L 411.1034, 31.3901, -51.9201,  409.2348, 30.9345, -51.6670,  0, 0, 0
L 409.2348, 30.9345, -51.6670,  407.5789, 30.3740, -51.1044,  0, 0, 0
L 407.5789, 30.3740, -51.1044,  403.2728, 28.9495, -49.7490,  0, 0, 0
L 403.2728, 28.9495, -49.7490,  401.3097, 28.7952, -49.4382,  0, 0, 0
L 401.3097, 28.7952, -49.4382,  386.4397, 27.5852, -47.8232,  0, 0, 0
L 386.4397, 27.5852, -47.8232,  384.5251, 27.2081, -47.3032,  0, 0, 0
L 384.5251, 27.2081, -47.3032,  382.6433, 26.9703, -46.9959,  0, 0, 0
L 382.6433, 26.9703, -46.9959,  380.6736, 26.8717, -46.9169,  0, 0, 0
L 380.6736, 26.8717, -46.9169,  370.7857, 26.3511, -46.7533,  0, 0, 0
L 370.7857, 26.3511, -46.7533,  369.0539, 26.1098, -45.9972,  0, 0, 0
L 369.0539, 26.1098, -45.9972,  367.2765, 25.7947, -43.3842,  0, 0, 0
L 367.2765, 25.7947, -43.3842,  365.9919, 24.3195, -41.3354,  0, 0, 0
L 365.9919, 24.3195, -41.3354,  364.4397, 23.3784, -38.8851,  0, 0, 0
L 364.4397, 23.3784, -38.8851,  362.9104, 22.3352, -35.7450,  0, 0, 0
L 362.9104, 22.3352, -35.7450,  361.5977, 20.8811, -32.5902,  0, 0, 0
L 361.5977, 20.8811, -32.5902,  360.0326, 21.0358, -31.1412,  0, 0, 0
L 360.0326, 21.0358, -31.1412,  358.4005, 22.0112, -31.1778,  0, 0, 0
L 358.4005, 22.0112, -31.1778,  356.8987, 23.2571, -31.4087,  0, 0, 0
L 356.8987, 23.2571, -31.4087,  355.4969, 24.4434, -32.3365,  0, 0, 0
L 355.4969, 24.4434, -32.3365,  353.8845, 25.3059, -34.0518,  0, 0, 0
L 353.8845, 25.3059, -34.0518,  349.3878, 27.5154, -42.4352,  0, 0, 0
L 349.3878, 27.5154, -42.4352,  347.4269, 27.7489, -42.4100,  0, 0, 0
L 347.4269, 27.7489, -42.4100,  345.9744, 27.3360, -42.0776,  0, 0, 0
L 345.9744, 27.3360, -42.0776,  344.6125, 27.1050, -41.5809,  0, 0, 0
L 344.6125, 27.1050, -41.5809,  343.0085, 26.7784, -41.2315,  0, 0, 0
L 343.0085, 26.7784, -41.2315,  341.1740, 26.9066, -40.3460,  0, 0, 0
L 341.1740, 26.9066, -40.3460,  339.3687, 26.4844, -38.2017,  0, 0, 0
L 339.3687, 26.4844, -38.2017,  337.6989, 25.9724, -36.8474,  0, 0, 0
L 337.6989, 25.9724, -36.8474,  336.2633, 25.1196, -35.7072,  0, 0, 0
L 336.2633, 25.1196, -35.7072,  332.4663, 22.9939, -33.8548,  0, 0, 0
L 332.4663, 22.9939, -33.8548,  330.9508, 22.4555, -33.4770,  0, 0, 0
L 330.9508, 22.4555, -33.4770,  318.8262, 18.0997, -30.8918,  0, 0, 0
L 318.8262, 18.0997, -30.8918,  309.8236, 15.2364, -27.7218,  0, 0, 0
L 309.8236, 15.2364, -27.7218,  308.1172, 15.0795, -27.3342,  0, 0, 0
L 308.1172, 15.0795, -27.3342,  298.6919, 13.7954, -24.6830,  0, 0, 0
L 298.6919, 13.7954, -24.6830,  289.3052, 12.0467, -21.2210,  0, 0, 0
L 289.3052, 12.0467, -21.2210,  287.7147, 11.5325, -19.8885,  0, 0, 0
L 287.7147, 11.5325, -19.8885,  285.1412, 10.6851, -18.8041,  0, 0, 0
L 285.1412, 10.6851, -18.8041,  283.8115, 10.3729, -18.2499,  0, 0, 0
L 283.8115, 10.3729, -18.2499,  282.3267, 10.1759, -17.9004,  0, 0, 0
L 282.3267, 10.1759, -17.9004,  280.3632, 10.1404, -18.1251,  0, 0, 0
L 280.3632, 10.1404, -18.1251,  279.8291, 11.5094, -17.7703,  0, 0, 0
L 279.8291, 11.5094, -17.7703,  278.3770, 10.6865, -18.3402,  0, 0, 0
L 278.3770, 10.6865, -18.3402,  269.9594, 6.0747, -16.0881,  0, 0, 0
L 269.9594, 6.0747, -16.0881,  268.6148, 5.3221, -15.4222,  0, 0, 0
L 268.6148, 5.3221, -15.4222,  266.9874, 5.0147, -15.5863,  0, 0, 0
L 266.9874, 5.0147, -15.5863,  266.1105, 4.2394, -15.4452,  0, 0, 0
L 266.1105, 4.2394, -15.4452,  265.0656, 3.5953, -14.8381,  0, 0, 0
L 265.0656, 3.5953, -14.8381,  256.1109, -1.6089, -12.0955,  0, 0, 0
L 256.1109, -1.6089, -12.0955,  254.6082, -2.6148, -11.4772,  0, 0, 0
L 254.6082, -2.6148, -11.4772,  253.5221, -3.2900, -11.1843,  0, 0, 0
L 253.5221, -3.2900, -11.1843,  245.4997, -7.9861, -9.5140,  0, 0, 0
L 245.4997, -7.9861, -9.5140,  237.2051, -13.1401, -8.6544,  0, 0, 0
L 237.2051, -13.1401, -8.6544,  228.9910, -18.4985, -7.5001,  0, 0, 0
L 228.9910, -18.4985, -7.5001,  227.3621, -19.3841, -7.7290,  0, 0, 0
L 227.3621, -19.3841, -7.7290,  224.5471, -21.1905, -7.3249,  0, 0, 0
L 224.5471, -21.1905, -7.3249,  222.8034, -21.7961, -7.3525,  0, 0, 0
L 222.8034, -21.7961, -7.3525,  221.1514, -22.3547, -7.1913,  0, 0, 0
L 221.1514, -22.3547, -7.1913,  202.4701, -28.6035, -7.4451,  0, 0, 0
L 202.4701, -28.6035, -7.4451,  201.0290, -29.5769, -7.8758,  0, 0, 0
L 201.0290, -29.5769, -7.8758,  194.9271, -33.8824, -9.5444,  0, 0, 0
L 194.9271, -33.8824, -9.5444,  194.0601, -35.6048, -12.4488,  0, 0, 0
L 194.0601, -35.6048, -12.4488,  193.3786, -37.2769, -17.6571,  0, 0, 0
L 193.3786, -37.2769, -17.6571,  193.5008, -38.6965, -17.6111,  0, 0, 0
L 193.5008, -38.6965, -17.6111,  192.4263, -40.2970, -17.5159,  0, 0, 0
L 192.4263, -40.2970, -17.5159,  190.5170, -40.8483, -17.4739,  0, 0, 0
L 190.5170, -40.8483, -17.4739,  188.7418, -40.0203, -17.4819,  0, 0, 0
L 188.7418, -40.0203, -17.4819,  187.1987, -39.0954, -17.3176,  0, 0, 0
L 187.1987, -39.0954, -17.3176,  183.4892, -36.8760, -17.5592,  0, 0, 0
L 183.4892, -36.8760, -17.5592,  183.2902, -38.5431, -17.5105,  0, 0, 0
L 183.2902, -38.5431, -17.5105,  182.1938, -40.2070, -17.4124,  0, 0, 0
L 182.1938, -40.2070, -17.4124,  181.0856, -41.7242, -17.4504,  0, 0, 0
L 181.0856, -41.7242, -17.4504,  180.3908, -43.5320, -17.4500,  0, 0, 0
L 180.3908, -43.5320, -17.4500,  180.5826, -45.3205, -17.4480,  0, 0, 0
L 180.5826, -45.3205, -17.4480,  181.2740, -47.0712, -17.4481,  0, 0, 0
L 181.2740, -47.0712, -17.4481,  182.0522, -48.7998, -17.4481,  0, 0, 0
L 182.0522, -48.7998, -17.4481,  183.0614, -50.0491, -17.4481,  0, 0, 0
L 183.0614, -50.0491, -17.4481,  184.2385, -51.5266, -17.4481,  0, 0, 0
L 184.2385, -51.5266, -17.4481,  184.1802, -53.4400, -17.4481,  0, 0, 0
L 184.1802, -53.4400, -17.4481,  183.6814, -60.1560, -17.4481,  0, 0, 0
L 183.6814, -60.1560, -17.4481,  182.6195, -61.7733, -17.4481,  0, 0, 0
L 182.6195, -61.7733, -17.4481,  174.9633, -73.4581, -17.4481,  0, 0, 0
L 174.9633, -73.4581, -17.4481,  173.2245, -74.3864, -17.4481,  0, 0, 0
L 173.2245, -74.3864, -17.4481,  160.6948, -81.0896, -17.4481,  0, 0, 0
L 160.6250, -81.0000, -17.4471,  154.2201, -84.5389, -17.4481,  0, 0, 0
L 154.2201, -84.5389, -17.4481,  152.2842, -84.4717, -17.4481,  0, 0, 0
L 152.2842, -84.4717, -17.4481,  125.6498, -83.4165, -17.4481,  0, 0, 0
L 125.6498, -83.4165, -17.4481,  124.2125, -82.0719, -17.4481,  0, 0, 0
L 124.2125, -82.0719, -17.4481,  110.7431, -69.3394, -17.4481,  0, 0, 0
L 110.7431, -69.3394, -17.4481,  109.6980, -67.6430, -17.4481,  0, 0, 0
L 109.6980, -67.6430, -17.4481,  88.8304, -33.7906, -17.4481,  0, 0, 0
L 88.8304, -33.7906, -17.4481,  87.2751, -32.5697, -17.4481,  0, 0, 0
L 87.2751, -32.5697, -17.4481,  85.8540, -31.9255, -17.4481,  0, 0, 0
L 85.8540, -31.9255, -17.4481,  76.0010, -27.4695, -17.4481,  0, 0, 0
L 76.0010, -27.4695, -17.4481,  66.9070, -23.3483, -17.4481,  0, 0, 0
L 66.9070, -23.3483, -17.4481,  55.4410, -18.2376, -17.4481,  0, 0, 0
L 55.4410, -18.2376, -17.4481,  54.4568, -18.3964, -17.4481,  0, 0, 0
L 54.4568, -18.3964, -17.4481,  53.2016, -18.9616, -17.4481,  0, 0, 0
L 53.2016, -18.9616, -17.4481,  51.8787, -19.3745, -17.4481,  0, 0, 0
L 51.8787, -19.3745, -17.4481,  23.2676, -28.3693, -17.4481,  0, 0, 0
L 23.2676, -28.3693, -17.4481,  11.9119, -31.9365, -17.4481,  0, 0, 0
L 11.9119, -31.9365, -17.4481,  10.8037, -32.8304, -17.4481,  0, 0, 0
L 10.8037, -32.8304, -17.4481,  -4.8049, -45.2065, -17.4481,  0, 0, 0
L -4.8049, -45.2065, -17.4481,  -14.9800, -53.3566, -17.4481,  0, 0, 0
L -14.9800, -53.3566, -17.4481,  -15.2122, -55.1585, -17.4481,  0, 0, 0
L -15.2122, -55.1585, -17.4481,  -14.8431, -62.0500, -17.4481,  0, 0, 0
L -14.8431, -62.0500, -17.4481,  -14.3716, -63.5777, -17.4481,  0, 0, 0
L -14.3716, -63.5777, -17.4481,  -11.4586, -72.9372, -17.4481,  0, 0, 0
L -11.4586, -72.9372, -17.4481,  -10.6089, -75.6728, -17.4481,  0, 0, 0
L -10.6089, -75.6728, -17.4481,  -9.6853, -76.7608, -17.4481,  0, 0, 0
L -9.6853, -76.7608, -17.4481,  -8.6548, -77.8222, -17.4481,  0, 0, 0
L -8.6548, -77.8222, -17.4481,  7.9017, -94.8220, -17.4481,  0, 0, 0
L 7.9017, -94.8220, -17.4481,  9.4706, -96.0020, -17.4481,  0, 0, 0
L 9.4706, -96.0020, -17.4481,  17.2135, -102.0229, -17.4481,  0, 0, 0
L 17.2135, -102.0229, -17.4481,  25.4414, -108.4219, -17.4481,  0, 0, 0
L 25.4414, -108.4219, -17.4481,  26.1658, -109.8793, -17.4481,  0, 0, 0
L 26.1658, -109.8793, -17.4481,  30.5203, -118.5899, -17.4481,  0, 0, 0
L 30.5203, -118.5899, -17.4481,  31.9641, -121.4768, -17.4481,  0, 0, 0
L 31.9641, -121.4768, -17.4481,  30.3607, -122.5340, -17.4481,  0, 0, 0
L 30.3607, -122.5340, -17.4481,  28.8831, -123.6721, -17.4481,  0, 0, 0
L 28.8831, -123.6721, -17.4481,  29.3886, -125.3383, -17.4481,  0, 0, 0
L 29.3886, -125.3383, -17.4481,  29.7332, -127.2665, -17.4481,  0, 0, 0
L 29.7332, -127.2665, -17.4481,  29.0500, -129.0359, -17.4481,  0, 0, 0
L 29.0500, -129.0359, -17.4481,  27.1234, -134.0504, -17.4481,  0, 0, 0
L 27.1234, -134.0504, -17.4481,  26.7205, -135.7990, -17.4481,  0, 0, 0
L 26.7205, -135.7990, -17.4481,  26.2817, -137.6149, -17.4481,  0, 0, 0
L 26.2817, -137.6149, -17.4481,  25.8197, -139.5359, -17.4481,  0, 0, 0
L 25.8197, -139.5359, -17.4481,  25.3939, -141.2856, -17.4481,  0, 0, 0
L 25.3939, -141.2856, -17.4481,  25.0502, -142.6881, -17.4481,  0, 0, 0
L 25.0502, -142.6881, -17.4481,  24.6200, -144.4641, -17.4481,  0, 0, 0
L 24.6200, -144.4641, -17.4481,  23.3757, -149.6182, -17.4481,  0, 0, 0
L 23.3757, -149.6182, -17.4481,  21.4860, -150.2336, -17.4481,  0, 0, 0
L 21.4860, -150.2336, -17.4481,  -0.4474, -157.3895, -17.4481,  0, 0, 0
L -0.4474, -157.3895, -17.4481,  -1.6558, -158.7051, -17.4481,  0, 0, 0
L -1.6558, -158.7051, -17.4481,  -2.5055, -159.7488, -17.4481,  0, 0, 0
L -2.5055, -159.7488, -17.4481,  -10.4469, -169.6029, -17.4481,  0, 0, 0
L -10.4469, -169.6029, -17.4481,  -13.3209, -173.0558, -17.4481,  0, 0, 0
L -13.3209, -173.0558, -17.4481,  -15.1102, -173.9164, -17.4481,  0, 0, 0
L -15.1102, -173.9164, -17.4481,  -27.3472, -179.7105, -17.4481,  0, 0, 0
L -27.3472, -179.7105, -17.4481,  -29.2907, -179.8578, -17.4481,  0, 0, 0
L -29.2907, -179.8578, -17.4481,  -39.1617, -180.3197, -17.4481,  0, 0, 0
L -39.1617, -180.3197, -17.4481,  -40.2705, -178.9171, -17.4481,  0, 0, 0
L -40.2705, -178.9171, -17.4481,  -47.9116, -169.2643, -17.4481,  0, 0, 0
L -47.9116, -169.2643, -17.4481,  -48.9846, -167.6842, -17.4481,  0, 0, 0
L -48.9846, -167.6842, -17.4481,  -60.1608, -151.2945, -17.4481,  0, 0, 0
L -60.1608, -151.2945, -17.4481,  -62.9893, -147.1815, -17.4481,  0, 0, 0
L -62.9893, -147.1815, -17.4481,  -64.3984, -145.9926, -17.4481,  0, 0, 0
L -64.3984, -145.9926, -17.4481,  -71.9502, -139.5227, -17.4481,  0, 0, 0
L -71.9502, -139.5227, -17.4481,  -80.8078, -131.9885, -17.4481,  0, 0, 0
L -80.8078, -131.9885, -17.4481,  -82.2016, -131.5195, -17.4481,  0, 0, 0
L -82.2016, -131.5195, -17.4481,  -98.2323, -126.0185, -17.4481,  0, 0, 0
L -98.2323, -126.0185, -17.4481,  -98.8141, -124.1461, -17.4481,  0, 0, 0
L -98.8141, -124.1461, -17.4481,  -104.6915, -105.2437, -17.4481,  0, 0, 0
L -104.6915, -105.2437, -17.4481,  -103.4831, -103.6529, -17.4481,  0, 0, 0
L -103.4831, -103.6529, -17.4481,  -94.5277, -91.8532, -17.4481,  0, 0, 0
L -94.5277, -91.8532, -17.4481,  -92.7994, -91.4905, -17.4481,  0, 0, 0
L -92.7994, -91.4905, -17.4481,  -83.1977, -89.3989, -17.4481,  0, 0, 0
L -83.1977, -89.3989, -17.4481,  -81.6083, -88.1862, -17.4481,  0, 0, 0
L -81.6083, -88.1862, -17.4481,  -80.9297, -87.7069, -17.4481,  0, 0, 0
L -80.9297, -87.7069, -17.4481,  -65.1392, -76.3201, -17.4481,  0, 0, 0
L -65.1392, -76.3201, -17.4481,  -49.2944, -64.9014, -17.4481,  0, 0, 0
L -49.2944, -64.9014, -17.4481,  -48.3891, -63.9249, -17.4481,  0, 0, 0
L -48.3891, -63.9249, -17.4481,  -48.6842, -62.1396, -17.4481,  0, 0, 0
L -48.6842, -62.1396, -17.4481,  -49.1675, -55.6099, -17.4481,  0, 0, 0
L -49.1675, -55.6099, -17.4481,  -49.3030, -53.6565, -17.4481,  0, 0, 0
L -49.3030, -53.6565, -17.4481,  -49.7881, -47.0417, -17.4481,  0, 0, 0
L -49.7881, -47.0417, -17.4481,  -49.9342, -45.0790, -17.4481,  0, 0, 0
L -49.9342, -45.0790, -17.4481,  -50.3648, -42.3192, -17.4481,  0, 0, 0
L -50.3648, -42.3192, -17.4481,  -51.4650, -40.9371, -17.4481,  0, 0, 0
L -51.4650, -40.9371, -17.4481,  -64.2083, -25.0168, -17.4481,  0, 0, 0
L -64.2083, -25.0168, -17.4481,  -65.7162, -24.5888, -17.4481,  0, 0, 0
L -65.7162, -24.5888, -17.4481,  -69.4381, -23.7369, -17.4481,  0, 0, 0
L -69.4381, -23.7369, -17.4481,  -71.0589, -23.3541, -17.4481,  0, 0, 0
L -71.0589, -23.3541, -17.4481,  -74.4445, -22.5816, -17.4481,  0, 0, 0
L -74.4445, -22.5816, -17.4481,  -75.9803, -22.2186, -17.4481,  0, 0, 0
L -75.9803, -22.2186, -17.4481,  -79.3410, -21.4516, -17.4481,  0, 0, 0
L -79.3410, -21.4516, -17.4481,  -81.2216, -21.0157, -17.4481,  0, 0, 0
L -81.2216, -21.0157, -17.4481,  -96.9706, -17.2400, -17.4481,  0, 0, 0
L -96.9706, -17.2400, -17.4481,  -98.5058, -16.0276, -17.4481,  0, 0, 0
L -98.5058, -16.0276, -17.4481,  -99.6612, -15.1176, -17.4480,  0, 0, 0
